0000000000000000000000000000000000000000000000000000000000000000000000000000000000000000000000000000000000000000000000000000000000000000000000000000000000000000000000000000000000000000000000000000000000000000000000000000000000000000000000000000000000000000
0000000000100100000000000001000000000000000000000000000100001000000000000000000000000000000000100000001010000000000000000000000000010000000000000000000001000000000000000010100000000000000000000000000000001000000000000001000001000010000011000010000000011000
0000000000000000010001000010000000100001000000000001010000010000000000010000100000001000000100001100000000001000000000000010000000000000000000000100000100100001000000000000000000000010000000000000110010000000100010000001000001010000000100001001000000010000
0000001000000001100001100000000000110000000011010000000010010000000000010000000000000101010000000000001000010000000100000010001000000100001000000000000010000000000000000000000000000000000000000000000100000000010000000100000010001000000001010000010100001010
0000010001001000000000100101000100100010000101000110010001100100000001000000010110000001100100010110110000000110000000100010000000001010100000000000100100100000100000010010000010100010100000000000000010000010100001011111100000000100001110110000001110001000
0001001011000000100111101000100000000110011000100000000011001000010001100011100010000011010001000001010000000000000010101101110000010000000100000000000010010000000010001100001000110010000011100110100000001011001100001011000011101110000010000000000000011010
0000010011010101111010000000000000000100010000110110010010011001100001000100000000001100000100111101101000001100100111101001110010010100110100111001110001100000010010000010000101001000110010010001100001000101001110011111001100011010000000000000001110001111
0100010100001001100011110101100100100100010000001111111010011100011101101000110010011101101101010011111000000010101100010111011100010000001110000101111001001101110100111001110000110100000001011011010101010001111000000100000101011111110111000001100110100100
0100111100111011110100110110111110101111101100000010110000110011110011000101001001110111111011110011101010010011001110011100001110111111000111111100011101000110110100100010100111101010110011111001001101100101111011010100101100010011101010000101010111101000
0111110000101110101101001001101110101110011001101011000010011101011000111110111010111111111010010101110011111011111111001111100001101010111100101011011110111010001101100011110011010100011101111111110011110110010001110010110110101110001100110100011100100101
0001110011110101001111011111111110111100011111110101010010011111100101101011110101110111100111110110111111111111101110100010000001111001101111111111111011100001011111111010100111001011110101101011011110001111100000011010100111011010000110101001000101111111
1111001011111101110111100011111101001111111111111001011001111011011101110111110000101111101111110100111111110101010111011111110101111011111101111111111001111110100011100111101111111011110111011011111111111111111100100101011111100011111111010111000111110011
0011111111101010100101110110111101101110101101111111100110111111101111011101111110111011000111111101110111011101111011100111010101101111101111111101000111110011010111110111111011100101011111111110110110110010111110101111111100111111000111111111111111111100
1111110111111010101101110111111111111011111110111110011101010111001001111001101111110111011111000111111101111111111101111111111011011011111111111010011111111011111111111111111111111010111111111111110111111111111111110111011111111101011101001111011111111101
1111011111101111111110110110111111011111011010110110111111111111110111111101111011111111111111111111111111111111110111101111011111111111001111111100100111111111011100111011111111111111101011101101111111111111111111111111111011111111111111111011111101111111
1111110111111111111111111111111111111111101111111011111111111111111111111110111111111101111111111110111011111111111111111111111111111110111111011111111110110111111110111111111110011111111111111000111111100111111111111111111101111111111111111111111111111111
1111111111111111111111111111111111111111111111111111111111111111111111111111111111111111111111111111111111111111111111111111111111111111111111111111111111111111111111111111111111111111111111111111111111111111111111111111111111111111111111111111111111111111
0000000100000000000000010000000000000001000000000000000100000000000000010000000000000001000000000000000100000000000000010000000000000001000000000000000100000000000000010000000000000001000000000000000100000000000000010000000000000001000000000000000100000000
0000000100001000001000010000000000010001011000100000100100000000010010010000000000000001000000000001000100100000000000010000000000000001000000000000000100001000000000010000000000000001000000000000000100000000101010010000000000000001000000100000000100000000
0000100100000000000001010001000001000001000001000000100100000000000001010101100010000001000000000000000101010001000000010000001000000001001000000010000100000000000000010000100000000001000000110100000101001100000000010001000001000001000100101000100100000000
1001000100000010000100010000000000000101000000000110000100000000011001010101000000010001011110000100000100000000010011010000000000010001001000000100110100101010100001010100000010101001001011100000000100110000001010010010010000000001000000000100100100100011
0010000100010001011000010100010100000001001000001000000101110000010001010000000000001001010100000010110101100010000001010001110100001001001000000000000100100010000100010101000000011001001001001000100100000110000000010000010001110001000100000000010100000000
1000110100100001001000010100000001101001000000001011000100001000011101010011001001011001000100001000000100000000011101010100000000000001001000010101010101001000000000010000000000001001001000000010100100010010011011010101111011001001001010000010000100100011
1100100100110111010110010010111110000001001000010000000100111010101010010101001000000101000010100010100101000001011110010000110000000001001100101000000100010101100000010000100010000001000000110010000100111011111001010001110101010101011001011000110101011000
1000110101101101010111010001010111101001001000110000010100010100111000010000010000011001000011011100100100010010101010010011000011110001010000011001100101101011011110010000101110100001000010001101010101100001010110010101000010100001010110001010010100000000
1010110100101001100011010101101101111001011101110100110100000111010100010110100111010001011101000101100100011101100011010111000001000101011001010001100101011101101011010100100110101001000011000101010100111111110000010111011110011001000100101101110101111100
0011100101111111011110010011111011110101001001100100010101111100001111010011010100101001001001010110110101100001111111010011110110101101001000100111110101011100111111010111001011110101001110110010100100111000111110010101001001001101001111011000010100001111
1110100101011111111101010101100101000001011000011111110100111100010000010101001011111101011111111101110101011111100011010101000010001101001010001110110100001100101110010111101010011001011111010000100100101111010100010011111001100101011101110110000101111111
1101110101111001110111010011100000111001010111111101010100111010011111010010110111010101010111011111110101101011010111010101101001110101001111110011010101111101010100010101101101110001011011111111100101100110010110010010011111011001011111111101110101000111
1110010101111111111111010111110111101101011111111111100101011100111110010100011110110101011011011111110100011101101101010101111111000101001011101101110100101101011111010011110111010101011111110001110101101011001111010101101110101101010110110111110101111101
1111110101110101001101010011111111111001001101111111010101111011111111010111011111111101010011111111100101111111110111010111111111111101010011111011110101111100111111010110000111111001011011101111110100100011110111010101010111111001011111110111110100111011
1011010100111110111101010111111111011101011110111101110101110011011110010011110101011101010110010111010101111111111011010110111111011001011111110101110100111101111110010110011111111101011111111111110101011011011111010111111111111101011101101111110101111110
1111110101111111111111010111111111111101011101111111010101111111111111010111111111111101011111111111110101111111111111010110011110111101011111111111110101111111111111010111111111111001010111111110110101111111111111010111110001011001011111111101110101111111
0000000100000000000000010000000000000001000000000000000100000000000000010000000000000001000000000000000100000000000000010000000000000001000000000000000100000000000000010000000000000001000000000000000100000000000000010000000000000001000000000000000100000000
